33018'11111.

Plautus. Plautus.

Bacchides Persa
1,1,11 (131) 131 111, 1, 31 (311) 111
111,3,11 (131) 111 11,1,11(131) 113
111, 1, 111 (111) 141 41 (111) 111
Captivi 4, 11 (111) 140 ’
1, 1, 11 (111) 113 1,1, 11 (111) 113
11,1,43(141) 111 Poenulus
3, 1111) 111 111,1,11 131
111, 1, 1(111) 111 11 13111111
v,2, 1111) 131 111, 1, 11. 111
111113,111111 111111. 11 31* ⁸ 141
prol, 11 111 11 ’ 131
13 121 V, 2, 80 304. 3311111111*
11, 3, 11 131. 140 11 111
111,4,1 1281. Pseudulus
1,1,1 . 130 1,1,111(111) 111
1, 11 111 3, 13 (111) 111
Curculio 144 (111) 131
11, 1, 11 (111) 111 1,11(131) 133
V, 2,11 (619) 111 1111111111 ’
Epidicus Il, 2, 8 (313) 133
111, 3, 11 141 111, 1, 31 (111) 111 ’
Menaechmi IV, 1, 10 (1136) 138
v, 1, 30 (131) 311 stichus
1,31 (1111) 113 11,1,11(311) 311
3, 11 (1133) 11 11,1,1(111) 3111.
Mercator 'stinummus
V, 1, 11 (111) 143 1,1, 111 (111)1. 1111.
Miles gloriosus 11, 4, 3 (401) 65
1, 1, 14 311 11 (111) 111
23 f. 189 138 (531), 03
111, 1, 11 (111) 111 111 (111) 111
1,11(113) 3111. 111,1,11(111) 131
111, 3, 14 (1111) 141 1, 13 (111) 11
1, 11 (1111) 113 111,1,1 1111.
1111111111 1-11 (111-11) 11111.
11,1,31(311) ’ 111 1-«11(111-31) 1111*
111, 1, 111 (111) 141 11, 11 (111. 11) 141
1,11 (111) 111 1, 11 (111) 111
31 (114) 344 3, 11 (1111) 111
111 (113) 113 1, 1, 1 (1113) 11 Am·
110 (851) 143 Truculcnssuc
1,1,11 (1111) 113 11,1,1 111
Persa I, 1, 88 (81) 1. 119 91 127

 

